4 7.06054e-05 1 3840 0.0543868
4 4.83878e-05 1 3840 0.0793589
4 3.34363e-05 1 3840 0.114845
4 2.96533e-05 1 3840 0.129497
4 2.98563e-05 1 3840 0.128616
4 0.000172216 2 3840 0.0222975
4 2.39424e-05 2 3840 0.160385
4 2.32719e-05 2 3840 0.165006
4 4.00674e-05 2 3840 0.0958386
4 2.52891e-05 2 3840 0.151844
4 0.000194935 3 3840 0.0196989
4 2.20537e-05 3 3840 0.17412
4 2.08747e-05 3 3840 0.183955
4 1.95354e-05 3 3840 0.196566
4 2.08113e-05 3 3840 0.184515
4 0.000158451 4 3840 0.0242345
4 3.18177e-05 4 3840 0.120688
4 3.31812e-05 4 3840 0.115728
4 3.37493e-05 4 3840 0.11378
4 3.97619e-05 4 3840 0.0965749
4 0.00017124 5 3840 0.0224246
4 3.52822e-05 5 3840 0.108837
4 3.32762e-05 5 3840 0.115398
4 3.47216e-05 5 3840 0.110594
4 3.41851e-05 5 3840 0.11233
4 0.00012565 6 3840 0.030561
4 3.82718e-05 6 3840 0.100335
4 3.56752e-05 6 3840 0.107638
4 3.48594e-05 6 3840 0.110157
4 3.54685e-05 6 3840 0.108265
4 0.000174748 7 3840 0.0219745
4 3.77744e-05 7 3840 0.101656
4 3.42298e-05 7 3840 0.112183
4 4.07919e-05 7 3840 0.0941363
4 3.37809e-05 7 3840 0.113674
4 0.000119418 8 3840 0.032156
4 3.81228e-05 8 3840 0.100727
4 4.58881e-05 8 3840 0.0836818
4 5.02132e-05 8 3840 0.0764739
4 4.76707e-05 8 3840 0.0805527
4 0.000121996 9 3840 0.0314765
4 4.00729e-05 9 3840 0.0958252
4 4.00692e-05 9 3840 0.0958342
4 3.91323e-05 9 3840 0.0981286
4 3.88026e-05 9 3840 0.0989624
4 0.000233684 10 3840 0.0164325
4 4.44017e-05 10 3840 0.0864831
4 4.32562e-05 10 3840 0.0887734
4 4.13414e-05 10 3840 0.0928851
4 4.5605e-05 10 3840 0.0842013
4 0.000178732 11 3840 0.0214847
4 5.64456e-05 11 3840 0.0680301
4 4.78029e-05 11 3840 0.0803298
4 4.92278e-05 11 3840 0.0780046
4 5.27836e-05 11 3840 0.0727498
4 0.000124337 12 3840 0.0308838
4 5.44619e-05 12 3840 0.070508
4 6.18845e-05 12 3840 0.0620511
4 5.2454e-05 12 3840 0.0732071
4 5.23552e-05 12 3840 0.0733451
4 0.000128614 13 3840 0.0298568
4 4.81363e-05 13 3840 0.0797734
4 5.1504e-05 13 3840 0.0745573
4 5.16959e-05 13 3840 0.0742806
4 5.00064e-05 13 3840 0.0767901
4 0.000110529 14 3840 0.0347419
4 5.03846e-05 14 3840 0.0762138
4 5.06826e-05 14 3840 0.0757657
4 6.33039e-05 14 3840 0.0606598
4 6.35572e-05 14 3840 0.060418
4 0.000161743 15 3840 0.0237414
4 5.6481e-05 15 3840 0.0679875
4 5.46798e-05 15 3840 0.070227
4 5.43352e-05 15 3840 0.0706724
4 6.14263e-05 15 3840 0.0625139
4 0.000115033 16 3840 0.0333817
4 5.84479e-05 16 3840 0.0656995
4 5.44712e-05 16 3840 0.070496
4 6.45388e-05 16 3840 0.0594991
4 5.37895e-05 16 3840 0.0713894
8 0.000193026 1 28160 0.145887
8 0.00017035 1 28160 0.165307
8 0.000168895 1 28160 0.16673
8 0.000174413 1 28160 0.161456
8 0.000168264 1 28160 0.167356
8 0.000176283 2 28160 0.159744
8 0.000120284 2 28160 0.234113
8 0.000107417 2 28160 0.262156
8 0.000110183 2 28160 0.255575
8 0.000107288 2 28160 0.26247
8 0.000157565 3 28160 0.17872
8 8.00956e-05 3 28160 0.35158
8 8.30814e-05 3 28160 0.338945
8 7.88551e-05 3 28160 0.357111
8 7.84155e-05 3 28160 0.359113
8 0.000215612 4 28160 0.130605
8 0.000135003 4 28160 0.208588
8 0.000132287 4 28160 0.212871
8 0.000126401 4 28160 0.222783
8 0.000120873 4 28160 0.232973
8 0.000158394 5 28160 0.177785
8 0.000105357 5 28160 0.267282
8 0.000102133 5 28160 0.27572
8 9.50564e-05 5 28160 0.296245
8 9.62224e-05 5 28160 0.292655
8 0.000162022 6 28160 0.173803
8 0.000103274 6 28160 0.272672
8 0.000106249 6 28160 0.265038
8 0.000112701 6 28160 0.249864
8 0.000104627 6 28160 0.269148
8 0.000226423 7 28160 0.124369
8 8.47653e-05 7 28160 0.332212
8 8.42325e-05 7 28160 0.334313
8 8.44616e-05 7 28160 0.333406
8 8.11853e-05 7 28160 0.346861
8 0.000152241 8 28160 0.184969
8 9.93162e-05 8 28160 0.283539
8 0.000101313 8 28160 0.277951
8 9.73325e-05 8 28160 0.289317
8 9.44752e-05 8 28160 0.298068
8 0.00016138 9 28160 0.174495
8 8.74493e-05 9 28160 0.322015
8 8.2789e-05 9 28160 0.340142
8 8.64472e-05 9 28160 0.325748
8 8.92822e-05 9 28160 0.315405
8 0.000150202 10 28160 0.187481
8 8.367e-05 10 28160 0.33656
8 8.18446e-05 10 28160 0.344067
8 9.51234e-05 10 28160 0.296036
8 7.98833e-05 10 28160 0.352514
8 0.000198694 11 28160 0.141726
8 7.93207e-05 11 28160 0.355014
8 8.1189e-05 11 28160 0.346845
8 9.22345e-05 11 28160 0.305309
8 7.99075e-05 11 28160 0.352408
8 0.000139017 12 28160 0.202566
8 8.83844e-05 12 28160 0.318608
8 9.05022e-05 12 28160 0.311153
8 8.57972e-05 12 28160 0.328216
8 8.79187e-05 12 28160 0.320296
8 0.000210587 13 28160 0.133721
8 8.11704e-05 13 28160 0.346925
8 7.7799e-05 13 28160 0.361959
8 8.57096e-05 13 28160 0.328551
8 7.88979e-05 13 28160 0.356917
8 0.000160154 14 28160 0.175831
8 9.79062e-05 14 28160 0.287622
8 9.67458e-05 14 28160 0.291072
8 9.33204e-05 14 28160 0.301756
8 8.70507e-05 14 28160 0.32349
8 0.000211934 15 28160 0.132872
8 8.52384e-05 15 28160 0.330368
8 8.68402e-05 15 28160 0.324274
8 9.13292e-05 15 28160 0.308335
8 7.85869e-05 15 28160 0.35833
8 0.000160322 16 28160 0.175647
8 9.68501e-05 16 28160 0.290759
8 9.52911e-05 16 28160 0.295516
8 8.6518e-05 16 28160 0.325481
8 8.99341e-05 16 28160 0.313118
16 0.00117333 1 210944 0.179783
16 0.00112264 1 210944 0.1879
16 0.00105168 1 210944 0.200578
16 0.00107734 1 210944 0.1958
16 0.00104785 1 210944 0.201312
16 0.00080956 2 210944 0.260566
16 0.000730861 2 210944 0.288624
16 0.000690266 2 210944 0.305598
16 0.000709822 2 210944 0.297179
16 0.000696985 2 210944 0.302652
16 0.000551574 3 210944 0.38244
16 0.000493508 3 210944 0.427438
16 0.000455216 3 210944 0.463394
16 0.000454998 3 210944 0.463616
16 0.000452153 3 210944 0.466532
16 0.000747139 4 210944 0.282336
16 0.000564659 4 210944 0.373578
16 0.000571124 4 210944 0.369349
16 0.000555346 4 210944 0.379843
16 0.000548827 4 210944 0.384355
16 0.00056315 5 210944 0.374579
16 0.000479667 5 210944 0.439772
16 0.000459559 5 210944 0.459014
16 0.000456437 5 210944 0.462153
16 0.000459859 5 210944 0.458714
16 0.00047268 6 210944 0.446273
16 0.000445975 6 210944 0.472995
16 0.000441598 6 210944 0.477684
16 0.000442529 6 210944 0.476678
16 0.000468895 6 210944 0.449875
16 0.000484984 7 210944 0.43495
16 0.000367241 7 210944 0.574402
16 0.000368252 7 210944 0.572825
16 0.000364354 7 210944 0.578954
16 0.000377452 7 210944 0.558863
16 0.000450093 8 210944 0.468667
16 0.000404766 8 210944 0.521151
16 0.00040222 8 210944 0.52445
16 0.000403207 8 210944 0.523166
16 0.000393743 8 210944 0.535741
16 0.000436597 9 210944 0.483155
16 0.000350866 9 210944 0.601209
16 0.000352012 9 210944 0.599252
16 0.000346567 9 210944 0.608666
16 0.000346404 9 210944 0.608954
16 0.000416119 10 210944 0.506932
16 0.000354454 10 210944 0.595124
16 0.000338126 10 210944 0.623862
16 0.000339601 10 210944 0.621152
16 0.000333525 10 210944 0.632468
16 0.000451954 11 210944 0.466738
16 0.000341354 11 210944 0.617963
16 0.000341501 11 210944 0.617696
16 0.000339527 11 210944 0.621288
16 0.000338811 11 210944 0.6226
16 0.000394063 12 210944 0.535305
16 0.000336422 12 210944 0.627023
16 0.000325892 12 210944 0.647282
16 0.000339836 12 210944 0.620723
16 0.000346115 12 210944 0.609462
16 0.000441439 13 210944 0.477855
16 0.000324894 13 210944 0.649271
16 0.000330022 13 210944 0.639182
16 0.000335937 13 210944 0.627927
16 0.000337759 13 210944 0.62454
16 0.000404378 14 210944 0.52165
16 0.000335781 14 210944 0.628219
16 0.000325348 14 210944 0.648364
16 0.000349445 14 210944 0.603654
16 0.000330999 14 210944 0.637294
16 0.000457341 15 210944 0.46124
16 0.000344139 15 210944 0.612962
16 0.000349404 15 210944 0.603725
16 0.000338044 15 210944 0.624013
16 0.000338512 15 210944 0.623152
16 0.000393754 16 210944 0.535726
16 0.000352977 16 210944 0.597614
16 0.000338797 16 210944 0.622627
16 0.000341972 16 210944 0.616845
16 0.000326734 16 210944 0.645614
32 0.00819105 1 1630464 0.199054
32 0.00786556 1 1630464 0.207291
32 0.00781054 1 1630464 0.208752
32 0.00830371 1 1630464 0.196354
32 0.00831729 1 1630464 0.196033
32 0.00534572 2 1630464 0.305004
32 0.00507718 2 1630464 0.321136
32 0.00485755 2 1630464 0.335656
32 0.00493865 2 1630464 0.330143
32 0.00483772 2 1630464 0.337031
32 0.00355852 3 1630464 0.458186
32 0.00338263 3 1630464 0.48201
32 0.00338045 3 1630464 0.482322
32 0.003385 3 1630464 0.481673
32 0.00337477 3 1630464 0.483134
32 0.00283982 4 1630464 0.574143
32 0.00271873 4 1630464 0.599715
32 0.00280827 4 1630464 0.580593
32 0.00274196 4 1630464 0.594636
32 0.00274295 4 1630464 0.59442
32 0.00245703 5 1630464 0.663592
32 0.00226055 5 1630464 0.721268
32 0.00228305 5 1630464 0.714159
32 0.00223058 5 1630464 0.730959
32 0.00228174 5 1630464 0.714569
32 0.00213961 6 1630464 0.762039
32 0.0020294 6 1630464 0.803423
32 0.00197778 6 1630464 0.824393
32 0.00198411 6 1630464 0.821761
32 0.00198362 6 1630464 0.821964
32 0.0020464 7 1630464 0.796747
32 0.00200338 7 1630464 0.813858
32 0.0019483 7 1630464 0.836863
32 0.00195731 7 1630464 0.833012
32 0.00197277 7 1630464 0.826486
32 0.00200636 8 1630464 0.812646
32 0.00211862 8 1630464 0.769587
32 0.00187053 8 1630464 0.871658
32 0.00193715 8 1630464 0.841681
32 0.00190476 8 1630464 0.855995
32 0.00203532 9 1630464 0.801086
32 0.00188628 9 1630464 0.864381
32 0.00194613 9 1630464 0.837799
32 0.00197959 9 1630464 0.823639
32 0.00192119 9 1630464 0.848674
32 0.00192543 10 1630464 0.846804
32 0.00183495 10 1630464 0.888562
32 0.00180158 10 1630464 0.905019
32 0.00179744 10 1630464 0.907102
32 0.0018059 10 1630464 0.902855
32 0.00193737 11 1630464 0.841588
32 0.00183515 11 1630464 0.888461
32 0.00182858 11 1630464 0.891653
32 0.0018061 11 1630464 0.902754
32 0.00186509 11 1630464 0.874199
32 0.00194213 12 1630464 0.839525
32 0.00185537 12 1630464 0.878781
32 0.00189262 12 1630464 0.861487
32 0.00180078 12 1630464 0.905419
32 0.00184805 12 1630464 0.88226
32 0.00196273 13 1630464 0.830712
32 0.00186704 13 1630464 0.873287
32 0.0019039 13 1630464 0.856382
32 0.00187135 13 1630464 0.871279
32 0.00193417 13 1630464 0.842977
32 0.00198768 14 1630464 0.820285
32 0.00183643 14 1630464 0.887842
32 0.00190157 14 1630464 0.857429
32 0.00289621 14 1630464 0.562965
32 0.00269516 14 1630464 0.604959
32 0.0028293 15 1630464 0.576278
32 0.00281342 15 1630464 0.579531
32 0.0026882 15 1630464 0.606527
32 0.00273738 15 1630464 0.595629
32 0.00272113 15 1630464 0.599187
32 0.00280972 16 1630464 0.580294
32 0.00291792 16 1630464 0.558775
32 0.00283789 16 1630464 0.574533
32 0.00294768 16 1630464 0.553134
32 0.00275934 16 1630464 0.590889
64 0.0613344 1 12814592 0.20893
64 0.0599805 1 12814592 0.213646
64 0.0612374 1 12814592 0.209261
64 0.0602733 1 12814592 0.212608
64 0.0598685 1 12814592 0.214045
64 0.0538722 2 12814592 0.23787
64 0.0539123 2 12814592 0.237693
64 0.0530026 2 12814592 0.241773
64 0.0525875 2 12814592 0.243682
64 0.0525438 2 12814592 0.243884
64 0.0386241 3 12814592 0.331777
64 0.0380398 3 12814592 0.336873
64 0.0388402 3 12814592 0.329931
64 0.0380633 3 12814592 0.336666
64 0.0388201 3 12814592 0.330102
64 0.0324975 4 12814592 0.394325
64 0.0317745 4 12814592 0.403299
64 0.0319178 4 12814592 0.401487
64 0.0318747 4 12814592 0.40203
64 0.0317106 4 12814592 0.404111
64 0.0278493 5 12814592 0.460141
64 0.0281383 5 12814592 0.455415
64 0.0280795 5 12814592 0.456369
64 0.028234 5 12814592 0.453871
64 0.0280279 5 12814592 0.457208
64 0.0255383 6 12814592 0.50178
64 0.0244406 6 12814592 0.524316
64 0.0247776 6 12814592 0.517186
64 0.0246657 6 12814592 0.519531
64 0.0248646 6 12814592 0.515375
64 0.0256991 7 12814592 0.498639
64 0.0249594 7 12814592 0.513417
64 0.0251718 7 12814592 0.509085
64 0.025163 7 12814592 0.509263
64 0.0246764 7 12814592 0.519306
64 0.0232627 8 12814592 0.550865
64 0.0228071 8 12814592 0.56187
64 0.0222271 8 12814592 0.576531
64 0.0227341 8 12814592 0.563673
64 0.0227471 8 12814592 0.56335
64 0.0233315 9 12814592 0.549241
64 0.0185626 9 12814592 0.690344
64 0.018234 9 12814592 0.702787
64 0.018396 9 12814592 0.696597
64 0.0189514 9 12814592 0.676184
64 0.0214328 10 12814592 0.597897
64 0.021222 10 12814592 0.603835
64 0.0213472 10 12814592 0.600293
64 0.0214353 10 12814592 0.597826
64 0.0210877 10 12814592 0.607681
64 0.0209796 11 12814592 0.610812
64 0.0210581 11 12814592 0.608536
64 0.0209533 11 12814592 0.611578
64 0.0210185 11 12814592 0.609683
64 0.0205814 11 12814592 0.62263
64 0.0208202 12 12814592 0.615488
64 0.0200545 12 12814592 0.638988
64 0.0196359 12 12814592 0.652609
64 0.020461 12 12814592 0.626293
64 0.0204428 12 12814592 0.62685
64 0.0210082 13 12814592 0.60998
64 0.0204769 13 12814592 0.625808
64 0.0203368 13 12814592 0.630118
64 0.0203155 13 12814592 0.630778
64 0.0206174 13 12814592 0.621544
64 0.0205883 14 12814592 0.62242
64 0.0207582 14 12814592 0.617328
64 0.0196651 14 12814592 0.651641
64 0.0198173 14 12814592 0.646636
64 0.0205144 14 12814592 0.624664
64 0.0203483 15 12814592 0.629763
64 0.0204109 15 12814592 0.62783
64 0.0206946 15 12814592 0.619225
64 0.0205218 15 12814592 0.624438
64 0.0205791 15 12814592 0.622698
64 0.0204968 16 12814592 0.625201
64 0.0199822 16 12814592 0.641299
64 0.021184 16 12814592 0.604919
64 0.0204999 16 12814592 0.625106
64 0.0205098 16 12814592 0.624802
128 0.47345 1 101588224 0.21457
128 0.469537 1 101588224 0.216358
128 0.465715 1 101588224 0.218134
128 0.468338 1 101588224 0.216912
128 0.468346 1 101588224 0.216908
128 0.323084 2 101588224 0.314433
128 0.282785 2 101588224 0.359242
128 0.285044 2 101588224 0.356395
128 0.279766 2 101588224 0.363118
128 0.280502 2 101588224 0.362166
128 0.20012 3 101588224 0.507638
128 0.199776 3 101588224 0.508511
128 0.215355 3 101588224 0.471725
128 0.295731 3 101588224 0.343516
128 0.30821 3 101588224 0.329607
128 0.247339 4 101588224 0.410725
128 0.247088 4 101588224 0.411142
128 0.252319 4 101588224 0.402618
128 0.245713 4 101588224 0.413443
128 0.250916 4 101588224 0.40487
128 0.214017 5 101588224 0.474674
128 0.212442 5 101588224 0.478192
128 0.206739 5 101588224 0.491384
128 0.207329 5 101588224 0.489985
128 0.210388 5 101588224 0.482862
128 0.200806 6 101588224 0.505902
128 0.196718 6 101588224 0.516416
128 0.182131 6 101588224 0.557775
128 0.182148 6 101588224 0.557723
128 0.174233 6 101588224 0.583059
128 0.168858 7 101588224 0.601619
128 0.167862 7 101588224 0.60519
128 0.168652 7 101588224 0.602354
128 0.172555 7 101588224 0.588728
128 0.166119 7 101588224 0.611539
128 0.16023 8 101588224 0.634016
128 0.158511 8 101588224 0.64089
128 0.159417 8 101588224 0.637249
128 0.161308 8 101588224 0.629776
128 0.160231 8 101588224 0.63401
128 0.156571 9 101588224 0.64883
128 0.155844 9 101588224 0.651859
128 0.156946 9 101588224 0.64728
128 0.157353 9 101588224 0.645608
128 0.155887 9 101588224 0.651679
128 0.143246 10 101588224 0.709187
128 0.13312 10 101588224 0.76313
128 0.13287 10 101588224 0.764571
128 0.132665 10 101588224 0.765747
128 0.132162 10 101588224 0.768663
128 0.141414 11 101588224 0.718373
128 0.143081 11 101588224 0.710007
128 0.150162 11 101588224 0.676525
128 0.144096 11 101588224 0.705002
128 0.144802 11 101588224 0.701567
128 0.131888 12 101588224 0.770262
128 0.141476 12 101588224 0.718062
128 0.132985 12 101588224 0.763907
128 0.134028 12 101588224 0.757964
128 0.131446 12 101588224 0.772854
128 0.137724 13 101588224 0.737624
128 0.139405 13 101588224 0.728726
128 0.141954 13 101588224 0.715641
128 0.142333 13 101588224 0.713737
128 0.142245 13 101588224 0.714179
128 0.14129 14 101588224 0.719003
128 0.140031 14 101588224 0.72547
128 0.141348 14 101588224 0.718709
128 0.140185 14 101588224 0.724673
128 0.13968 14 101588224 0.72729
128 0.130695 15 101588224 0.777292
128 0.130704 15 101588224 0.77724
128 0.130768 15 101588224 0.776858
128 0.134233 15 101588224 0.756805
128 0.130273 15 101588224 0.77981
128 0.136773 16 101588224 0.742751
128 0.136966 16 101588224 0.741705
128 0.136553 16 101588224 0.743946
128 0.135798 16 101588224 0.748083
128 0.136509 16 101588224 0.744186
256 3.7533 1 809004800 0.215545
256 3.74621 1 809004800 0.215953
256 3.75101 1 809004800 0.215677
256 3.74274 1 809004800 0.216153
256 3.73844 1 809004800 0.216402
256 2.3612 2 809004800 0.342624
256 2.36824 2 809004800 0.341606
256 2.37315 2 809004800 0.340899
256 2.35764 2 809004800 0.343142
256 2.36378 2 809004800 0.34225
256 2.26316 3 809004800 0.357467
256 2.35349 3 809004800 0.343747
256 2.34276 3 809004800 0.345321
256 2.33777 3 809004800 0.346059
256 2.34777 3 809004800 0.344584
256 1.7726 4 809004800 0.456394
256 1.88816 4 809004800 0.428461
256 1.88204 4 809004800 0.429854
256 1.88689 4 809004800 0.428751
256 1.77055 4 809004800 0.456922
256 1.57319 5 809004800 0.514245
256 1.67862 5 809004800 0.481946
256 1.66316 5 809004800 0.486427
256 1.70525 5 809004800 0.474419
256 1.66583 5 809004800 0.485648
256 1.30729 6 809004800 0.618839
256 1.29532 6 809004800 0.624561
256 1.30229 6 809004800 0.621215
256 1.3979 6 809004800 0.578729
256 1.30223 6 809004800 0.621246
256 1.48835 7 809004800 0.54356
256 1.4333 7 809004800 0.564435
256 1.42962 7 809004800 0.565888
256 1.4348 7 809004800 0.563844
256 1.44378 7 809004800 0.56034
256 1.19075 8 809004800 0.67941
256 1.17823 8 809004800 0.686628
256 1.16311 8 809004800 0.695554
256 1.16923 8 809004800 0.691913
256 1.16017 8 809004800 0.697314
256 1.34195 9 809004800 0.60286
256 1.35399 9 809004800 0.597495
256 1.39055 9 809004800 0.581789
256 1.36067 9 809004800 0.594562
256 1.34552 9 809004800 0.601257
256 1.14963 10 809004800 0.703708
256 1.15948 10 809004800 0.697732
256 1.15487 10 809004800 0.700515
256 1.15005 10 809004800 0.703449
256 1.16065 10 809004800 0.697026
256 1.11917 11 809004800 0.722862
256 1.11109 11 809004800 0.728118
256 1.12709 11 809004800 0.717783
256 1.11022 11 809004800 0.72869
256 1.20281 11 809004800 0.672596
256 1.16669 12 809004800 0.693421
256 1.14785 12 809004800 0.704802
256 1.13288 12 809004800 0.714111
256 1.1389 12 809004800 0.710341
256 1.13256 12 809004800 0.714312
256 1.16688 13 809004800 0.693304
256 1.07351 13 809004800 0.753604
256 1.07168 13 809004800 0.754892
256 1.08349 13 809004800 0.746668
256 1.07222 13 809004800 0.754517
256 1.07277 14 809004800 0.754129
256 1.06442 14 809004800 0.760046
256 1.06635 14 809004800 0.758667
256 1.07459 14 809004800 0.752851
256 1.06535 14 809004800 0.759379
256 1.06881 15 809004800 0.756921
256 1.05606 15 809004800 0.766056
256 1.04982 15 809004800 0.770613
256 1.04835 15 809004800 0.771695
256 1.04513 15 809004800 0.774073
256 1.17334 16 809004800 0.689491
256 1.14859 16 809004800 0.704349
256 1.14038 16 809004800 0.709414
256 1.14583 16 809004800 0.706044
256 1.12946 16 809004800 0.716278
512 29.7987 1 6457246464 0.216695
512 29.76 1 6457246464 0.216977
512 29.8095 1 6457246464 0.216617
512 29.7013 1 6457246464 0.217406
512 29.8847 1 6457246464 0.216072
512 18.8529 2 6457246464 0.342507
512 18.7685 2 6457246464 0.344047
512 19.7109 2 6457246464 0.327597
512 18.7748 2 6457246464 0.343932
512 18.5711 2 6457246464 0.347704
512 19.6418 3 6457246464 0.32875
512 20.541 3 6457246464 0.314359
512 19.9037 3 6457246464 0.324425
512 19.9367 3 6457246464 0.323887
512 20.5531 3 6457246464 0.314173
512 15.7028 4 6457246464 0.411216
512 14.782 4 6457246464 0.436832
512 14.7523 4 6457246464 0.43771
512 15.6237 4 6457246464 0.413299
512 16.8889 4 6457246464 0.382338
512 13.1535 5 6457246464 0.490913
512 12.8551 5 6457246464 0.502309
512 13.575 5 6457246464 0.47567
512 13.4803 5 6457246464 0.479012
512 12.7408 5 6457246464 0.506816
512 10.2499 6 6457246464 0.629981
512 10.0644 6 6457246464 0.641595
512 9.99179 6 6457246464 0.646255
512 9.90546 6 6457246464 0.651887
512 9.90171 6 6457246464 0.652135
512 11.329 7 6457246464 0.569974
512 10.8651 7 6457246464 0.594311
512 10.8385 7 6457246464 0.595771
512 11.6814 7 6457246464 0.55278
512 11.1351 7 6457246464 0.579901
512 9.01055 8 6457246464 0.716632
512 8.89042 8 6457246464 0.726315
512 9.00574 8 6457246464 0.717015
512 8.8738 8 6457246464 0.727675
512 10.1261 8 6457246464 0.637684
512 10.2689 9 6457246464 0.628816
512 10.9673 9 6457246464 0.588773
512 10.3123 9 6457246464 0.626172
512 10.6082 9 6457246464 0.608706
512 10.5242 9 6457246464 0.613562
512 9.68935 10 6457246464 0.666427
512 10.0769 10 6457246464 0.640797
512 9.68779 10 6457246464 0.666535
512 9.80536 10 6457246464 0.658543
512 9.94244 10 6457246464 0.649463
512 9.45625 11 6457246464 0.682855
512 9.21424 11 6457246464 0.70079
512 9.3024 11 6457246464 0.694149
512 8.95825 11 6457246464 0.720816
512 9.32133 11 6457246464 0.692739
512 8.71259 12 6457246464 0.74114
512 8.68691 12 6457246464 0.743331
512 8.76165 12 6457246464 0.73699
512 8.73267 12 6457246464 0.739436
512 8.80351 12 6457246464 0.733485
512 8.4647 13 6457246464 0.762844
512 8.78585 13 6457246464 0.734959
512 8.52785 13 6457246464 0.757195
512 8.56645 13 6457246464 0.753783
512 8.59542 13 6457246464 0.751243
512 9.23873 14 6457246464 0.698932
512 8.49728 14 6457246464 0.759919
512 8.81831 14 6457246464 0.732255
512 8.43145 14 6457246464 0.765852
512 8.97413 14 6457246464 0.71954
512 9.18987 15 6457246464 0.702648
512 9.06286 15 6457246464 0.712496
512 9.3317 15 6457246464 0.691969
512 9.68565 15 6457246464 0.666682
512 9.08255 15 6457246464 0.710951
512 9.24796 16 6457246464 0.698234
512 8.41518 16 6457246464 0.767333
512 8.89561 16 6457246464 0.725891
512 8.37754 16 6457246464 0.77078
512 8.3931 16 6457246464 0.769351
