4 6.76066e-05 1
4 4.35449e-05 1
4 3.04841e-05 1
4 2.9102e-05 1
4 2.9292e-05 1
4 0.000172114 2
4 2.41548e-05 2
4 2.31173e-05 2
4 2.41604e-05 2
4 2.2959e-05 2
4 0.000156652 3
4 2.2389e-05 3
4 2.06418e-05 3
4 1.98465e-05 3
4 2.04407e-05 3
4 0.000272298 4
4 3.35295e-05 4
4 3.49749e-05 4
4 4.41205e-05 4
4 3.01618e-05 4
4 0.000167791 5
4 3.38592e-05 5
4 3.05269e-05 5
4 2.94019e-05 5
4 3.48166e-05 5
4 0.000248438 6
4 8.885e-05 6
4 9.30857e-05 6
4 5.91185e-05 6
4 3.45856e-05 6
4 0.000159336 7
4 4.3923e-05 7
4 3.20245e-05 7
4 3.3373e-05 7
4 3.48166e-05 7
4 0.000112971 8
4 3.72641e-05 8
4 4.60315e-05 8
4 3.65507e-05 8
4 3.62359e-05 8
4 0.000115234 9
4 3.67966e-05 9
4 4.04734e-05 9
4 4.05945e-05 9
4 3.86816e-05 9
4 0.000223115 10
4 4.36474e-05 10
4 3.94862e-05 10
4 4.34071e-05 10
4 4.14886e-05 10
4 0.000149062 11
4 4.12893e-05 11
4 4.16953e-05 11
4 4.77992e-05 11
4 3.93782e-05 11
4 0.000118628 12
4 4.65736e-05 12
4 4.28744e-05 12
4 4.81103e-05 12
4 4.74658e-05 12
4 0.000261964 13
4 5.47078e-05 13
4 5.267e-05 13
4 4.96618e-05 13
4 4.55249e-05 13
4 0.000132671 14
4 5.14388e-05 14
4 4.4724e-05 14
4 4.89168e-05 14
4 4.44818e-05 14
4 0.000156723 15
4 4.58155e-05 15
4 4.6242e-05 15
4 4.65754e-05 15
4 5.04404e-05 15
4 0.000115648 16
4 6.00014e-05 16
4 5.25713e-05 16
4 6.11227e-05 16
4 6.34063e-05 16
4 0.00145037 17
4 0.000249861 17
4 7.37663e-05 17
4 6.72583e-05 17
4 8.30218e-05 17
4 0.000315771 18
4 7.6415e-05 18
4 6.70385e-05 18
4 7.00336e-05 18
4 6.0467e-05 18
4 0.000209516 19
4 6.73831e-05 19
4 8.15392e-05 19
4 6.11376e-05 19
4 6.14915e-05 19
4 0.000188448 20
4 6.63847e-05 20
4 6.58687e-05 20
4 7.31871e-05 20
4 6.60475e-05 20
4 0.00019048 21
4 6.6245e-05 21
4 7.54669e-05 21
4 6.85006e-05 21
4 8.62777e-05 21
4 0.000194659 22
4 7.01863e-05 22
4 7.1995e-05 22
4 7.30567e-05 22
4 7.92947e-05 22
4 0.000200016 23
4 7.74544e-05 23
4 7.71079e-05 23
4 8.5596e-05 23
4 8.31373e-05 23
4 0.00031418 24
4 0.000112189 24
4 8.8891e-05 24
4 7.7283e-05 24
4 7.9412e-05 24
4 0.000200635 25
4 7.54818e-05 25
4 7.70297e-05 25
4 7.80467e-05 25
4 7.4286e-05 25
4 0.000204828 26
4 8.97795e-05 26
4 7.74916e-05 26
4 8.90736e-05 26
4 7.95219e-05 26
4 0.000195524 27
4 8.84403e-05 27
4 8.67508e-05 27
4 7.92965e-05 27
4 8.80044e-05 27
4 0.000197185 28
4 9.0437e-05 28
4 8.78833e-05 28
4 9.02619e-05 28
4 0.000108365 28
4 0.000149019 29
4 8.29343e-05 29
4 9.18712e-05 29
4 9.76454e-05 29
4 8.89394e-05 29
4 0.000148637 30
4 0.000107653 30
4 8.98056e-05 30
4 9.54773e-05 30
4 7.64318e-05 30
4 0.000207214 31
4 0.000105813 31
4 9.11038e-05 31
4 8.5786e-05 31
4 9.84799e-05 31
4 0.000228165 32
4 9.60566e-05 32
4 8.4199e-05 32
4 8.98335e-05 32
4 9.35756e-05 32
8 0.000178106 1
8 0.000168111 1
8 0.000166764 1
8 0.000165999 1
8 0.00018904 1
8 0.000200817 2
8 0.000115328 2
8 0.000110304 2
8 0.000108324 2
8 0.000108568 2
8 0.000142725 3
8 7.92556e-05 3
8 7.86483e-05 3
8 7.81082e-05 3
8 7.94139e-05 3
8 0.000199491 4
8 0.000104867 4
8 0.000114663 4
8 0.000108033 4
8 0.000117064 4
8 0.000149382 5
8 9.98583e-05 5
8 9.50415e-05 5
8 8.98726e-05 5
8 0.000109088 5
8 0.000199934 6
8 0.000102514 6
8 8.27555e-05 6
8 8.76766e-05 6
8 7.91065e-05 6
8 0.000153229 7
8 9.60454e-05 7
8 9.52333e-05 7
8 9.14168e-05 7
8 9.27746e-05 7
8 0.000139615 8
8 7.58767e-05 8
8 8.09543e-05 8
8 7.52006e-05 8
8 7.64821e-05 8
8 0.000150369 9
8 8.80025e-05 9
8 9.7435e-05 9
8 8.9867e-05 9
8 8.96621e-05 9
8 0.000149138 10
8 9.37264e-05 10
8 9.1495e-05 10
8 7.64467e-05 10
8 7.75773e-05 10
8 0.00020783 11
8 7.73575e-05 11
8 8.13417e-05 11
8 8.24369e-05 11
8 7.77431e-05 11
8 0.000143657 12
8 8.27443e-05 12
8 8.06674e-05 12
8 8.07308e-05 12
8 7.98069e-05 12
8 0.000204528 13
8 8.86768e-05 13
8 8.59853e-05 13
8 7.74562e-05 13
8 7.82851e-05 13
8 0.000150606 14
8 8.07922e-05 14
8 7.78306e-05 14
8 9.21655e-05 14
8 8.43648e-05 14
8 0.000193033 15
8 7.73929e-05 15
8 8.50428e-05 15
8 7.88793e-05 15
8 7.89464e-05 15
8 0.000211019 16
8 9.66936e-05 16
8 7.70837e-05 16
8 8.03061e-05 16
8 7.88607e-05 16
8 0.000133205 17
8 0.000119563 17
8 0.000107838 17
8 0.000107087 17
8 0.000106443 17
8 0.000250397 18
8 0.000115866 18
8 0.000105396 18
8 0.000103978 18
8 0.000115272 18
8 0.00016254 19
8 0.000108141 19
8 9.80012e-05 19
8 0.000101628 19
8 0.000102235 19
8 0.000170184 20
8 0.000116663 20
8 0.000119438 20
8 0.000130342 20
8 0.000106189 20
8 0.000178959 21
8 0.000116376 21
8 0.000111716 21
8 0.000103835 21
8 0.000117447 21
8 0.000191756 22
8 0.000114301 22
8 0.000115927 22
8 0.000108676 22
8 0.000113444 22
8 0.000167904 23
8 0.000112794 23
8 0.000113893 23
8 0.000107614 23
8 0.000107115 23
8 0.000177322 24
8 0.000111926 24
8 0.000106839 24
8 9.97912e-05 24
8 0.00011321 24
8 0.000216119 25
8 0.000123983 25
8 0.000106722 25
8 0.000107815 25
8 9.37209e-05 25
8 0.000477785 26
8 0.000159763 26
8 0.000107789 26
8 0.000102472 26
8 0.000102505 26
8 0.000232918 27
8 0.000121964 27
8 0.000108337 27
8 0.000111295 27
8 0.000107579 27
8 0.0001748 28
8 0.000116577 28
8 0.000110049 28
8 0.000103408 28
8 0.000117181 28
8 0.000211434 29
8 0.00011386 29
8 0.000120865 29
8 0.000114823 29
8 0.000115942 29
8 0.000220044 30
8 9.6323e-05 30
8 0.000103835 30
8 0.000105837 30
8 0.000104062 30
8 0.000227954 31
8 0.000112016 31
8 0.000116704 31
8 0.000114165 31
8 0.00011033 31
8 0.000187311 32
8 0.000120582 32
8 0.000126602 32
8 0.00011977 32
8 0.000118367 32
16 0.00115951 1
16 0.00113858 1
16 0.00103228 1
16 0.00103131 1
16 0.00110275 1
16 0.000848407 2
16 0.000688892 2
16 0.000690425 2
16 0.000689922 2
16 0.000686176 2
16 0.000588788 3
16 0.000486182 3
16 0.000458933 3
16 0.000460451 3
16 0.000455961 3
16 0.000741292 4
16 0.000549566 4
16 0.000539904 4
16 0.000537273 4
16 0.000537533 4
16 0.000580041 5
16 0.000484714 5
16 0.000458647 5
16 0.000482703 5
16 0.00046231 5
16 0.000437161 6
16 0.000406982 6
16 0.000417344 6
16 0.000422947 6
16 0.000407211 6
16 0.00050511 7
16 0.00038629 7
16 0.000393417 7
16 0.000379592 7
16 0.00039795 7
16 0.000471599 8
16 0.000339288 8
16 0.000356358 8
16 0.000348015 8
16 0.000348669 8
16 0.000435635 9
16 0.00036237 9
16 0.000364194 9
16 0.000373527 9
16 0.000365496 9
16 0.000395032 10
16 0.000321478 10
16 0.000327807 10
16 0.000329029 10
16 0.000323933 10
16 0.000463242 11
16 0.000347819 11
16 0.000353545 11
16 0.000805702 11
16 0.000379641 11
16 0.000400962 12
16 0.000329923 12
16 0.000352951 12
16 0.000328153 12
16 0.000355486 12
16 0.000475988 13
16 0.000353295 13
16 0.000366447 13
16 0.000362627 13
16 0.000359166 13
16 0.000479724 14
16 0.000329848 14
16 0.000325713 14
16 0.000336086 14
16 0.000329897 14
16 0.000462051 15
16 0.000347389 15
16 0.000345074 15
16 0.000346225 15
16 0.000361238 15
16 0.000382748 16
16 0.000331938 16
16 0.000332452 16
16 0.000324672 16
16 0.000331923 16
16 0.000423223 17
16 0.0003748 17
16 0.000373967 17
16 0.000355465 17
16 0.000375018 17
16 0.000405103 18
16 0.000336496 18
16 0.000345543 18
16 0.000318347 18
16 0.000319375 18
16 0.000435423 19
16 0.000323985 19
16 0.000354853 19
16 0.000333294 19
16 0.000333108 19
16 0.000385389 20
16 0.000333589 20
16 0.000350017 20
16 0.000333158 20
16 0.000340618 20
16 0.000466591 21
16 0.000348747 21
16 0.000350496 21
16 0.000337411 21
16 0.000341699 21
16 0.000402184 22
16 0.000359248 22
16 0.000340648 22
16 0.000345137 22
16 0.000365686 22
16 0.000476958 23
16 0.000337463 23
16 0.000342283 23
16 0.000331903 23
16 0.00033229 23
16 0.000410955 24
16 0.000334712 24
16 0.000335114 24
16 0.000337062 24
16 0.000362478 24
16 0.000459312 25
16 0.000327608 25
16 0.000321679 25
16 0.000325829 25
16 0.000334295 25
16 0.00046082 26
16 0.000321722 26
16 0.000331655 26
16 0.000327678 26
16 0.000329012 26
16 0.000490557 27
16 0.000351064 27
16 0.000342317 27
16 0.000349099 27
16 0.00033807 27
16 0.000475725 28
16 0.000351489 28
16 0.000343341 28
16 0.000356089 28
16 0.000348259 28
16 0.000450827 29
16 0.000345344 29
16 0.000344643 29
16 0.000350634 29
16 0.000348438 29
16 0.000470726 30
16 0.000356931 30
16 0.000346655 30
16 0.000343658 30
16 0.000345193 30
16 0.000482103 31
16 0.000348058 31
16 0.000341281 31
16 0.000353491 31
16 0.000349844 31
16 0.000463165 32
16 0.000350118 32
16 0.000342986 32
16 0.000366937 32
16 0.000340011 32
32 0.00797481 1
32 0.00769561 1
32 0.00763141 1
32 0.00788806 1
32 0.00762226 1
32 0.00541987 2
32 0.00518072 2
32 0.00496221 2
32 0.00481016 2
32 0.00486554 2
32 0.00354892 3
32 0.00345413 3
32 0.00341731 3
32 0.00337828 3
32 0.00337756 3
32 0.00268809 4
32 0.00259809 4
32 0.00268253 4
32 0.00269225 4
32 0.00269822 4
32 0.00230977 5
32 0.00218366 5
32 0.00221782 5
32 0.00223591 5
32 0.00218424 5
32 0.00209916 6
32 0.00201043 6
32 0.00204527 6
32 0.00200198 6
32 0.00201276 6
32 0.00203653 7
32 0.00193551 7
32 0.00188331 7
32 0.00187244 7
32 0.00187508 7
32 0.00200622 8
32 0.00189749 8
32 0.00182053 8
32 0.00184279 8
32 0.0019067 8
32 0.00199775 9
32 0.00183262 9
32 0.0018774 9
32 0.00184932 9
32 0.00184137 9
32 0.00199498 10
32 0.00185562 10
32 0.00190003 10
32 0.00185757 10
32 0.00186231 10
32 0.00194778 11
32 0.00184639 11
32 0.00195979 11
32 0.00184541 11
32 0.00189178 11
32 0.00190643 12
32 0.00177083 12
32 0.00176424 12
32 0.00175764 12
32 0.00182856 12
32 0.00197338 13
32 0.0018538 13
32 0.00185337 13
32 0.0019327 13
32 0.00185464 13
32 0.00194244 14
32 0.00184193 14
32 0.00181409 14
32 0.00179645 14
32 0.00189564 14
32 0.00197377 15
32 0.00193552 15
32 0.00187383 15
32 0.0019086 15
32 0.0018522 15
32 0.00199018 16
32 0.0018405 16
32 0.00184959 16
32 0.00187099 16
32 0.00194309 16
32 0.00247436 17
32 0.00256483 17
32 0.00270857 17
32 0.00290003 17
32 0.0026878 17
32 0.00249934 18
32 0.00225025 18
32 0.0027278 18
32 0.00256547 18
32 0.0025284 18
32 0.00271231 19
32 0.00249739 19
32 0.00286568 19
32 0.00293365 19
32 0.0027348 19
32 0.00280673 20
32 0.00287521 20
32 0.00274354 20
32 0.0027105 20
32 0.00292728 20
32 0.00299201 21
32 0.00289505 21
32 0.00278744 21
32 0.00276021 21
32 0.00262037 21
32 0.00265077 22
32 0.00280052 22
32 0.00258761 22
32 0.00247891 22
32 0.00290607 22
32 0.00270571 23
32 0.00264096 23
32 0.00261143 23
32 0.00267351 23
32 0.00266817 23
32 0.00276437 24
32 0.00265193 24
32 0.00252214 24
32 0.00263699 24
32 0.00258139 24
32 0.00259056 25
32 0.00278546 25
32 0.00236099 25
32 0.00275003 25
32 0.00267683 25
32 0.00246601 26
32 0.00266284 26
32 0.00248842 26
32 0.00224594 26
32 0.00240294 26
32 0.00297785 27
32 0.00260696 27
32 0.00284856 27
32 0.00274934 27
32 0.00286793 27
32 0.00309887 28
32 0.00290078 28
32 0.00285904 28
32 0.00273226 28
32 0.00296896 28
32 0.00292966 29
32 0.00300412 29
32 0.00240039 29
32 0.00288712 29
32 0.00271016 29
32 0.00246332 30
32 0.0026418 30
32 0.00250853 30
32 0.00231532 30
32 0.00285074 30
32 0.00268682 31
32 0.00241848 31
32 0.00257917 31
32 0.00277708 31
32 0.0026918 31
32 0.00256578 32
32 0.00253628 32
32 0.00265113 32
32 0.00266506 32
32 0.00263608 32
64 0.059161 1
64 0.0586195 1
64 0.0588399 1
64 0.058629 1
64 0.0586677 1
64 0.0417162 2
64 0.0372317 2
64 0.0367754 2
64 0.0373668 2
64 0.0374674 2
64 0.0258004 3
64 0.0254706 3
64 0.025674 3
64 0.0258451 3
64 0.025935 3
64 0.0199049 4
64 0.0196161 4
64 0.0196568 4
64 0.0194301 4
64 0.0194755 4
64 0.01623 5
64 0.0164217 5
64 0.0161545 5
64 0.016139 5
64 0.01625 5
64 0.014681 6
64 0.0146017 6
64 0.0145774 6
64 0.0145895 6
64 0.0145055 6
64 0.0142098 7
64 0.0140349 7
64 0.0182081 7
64 0.0233257 7
64 0.0231568 7
64 0.0231317 8
64 0.02265 8
64 0.0226712 8
64 0.0231765 8
64 0.0228042 8
64 0.0215902 9
64 0.0215158 9
64 0.0224631 9
64 0.0218481 9
64 0.0221626 9
64 0.0217682 10
64 0.0210461 10
64 0.0214449 10
64 0.0217412 10
64 0.021212 10
64 0.0192743 11
64 0.0196099 11
64 0.0193705 11
64 0.0199746 11
64 0.0193931 11
64 0.0212913 12
64 0.0205764 12
64 0.0208291 12
64 0.0213084 12
64 0.0207302 12
64 0.0199285 13
64 0.0204444 13
64 0.0199399 13
64 0.0202233 13
64 0.0199166 13
64 0.020684 14
64 0.0206366 14
64 0.0206284 14
64 0.0202872 14
64 0.0204565 14
64 0.0199044 15
64 0.0191581 15
64 0.01917 15
64 0.0191753 15
64 0.0187724 15
64 0.0209851 16
64 0.021256 16
64 0.0209293 16
64 0.0211054 16
64 0.0205196 16
64 0.019317 17
64 0.0184389 17
64 0.0184069 17
64 0.0181069 17
64 0.0181398 17
64 0.0176566 18
64 0.018125 18
64 0.0174438 18
64 0.0182975 18
64 0.0178677 18
64 0.0171928 19
64 0.0176582 19
64 0.0168422 19
64 0.017778 19
64 0.0171718 19
64 0.0175203 20
64 0.0172792 20
64 0.0175021 20
64 0.0176283 20
64 0.0174351 20
64 0.0183405 21
64 0.0185538 21
64 0.0178305 21
64 0.0180545 21
64 0.0186043 21
64 0.0186886 22
64 0.0184962 22
64 0.0187844 22
64 0.0183804 22
64 0.0179517 22
64 0.0172497 23
64 0.0177114 23
64 0.0196735 23
64 0.018427 23
64 0.0187568 23
64 0.0178618 24
64 0.0180276 24
64 0.0179678 24
64 0.0172578 24
64 0.0176669 24
64 0.0181079 25
64 0.0171484 25
64 0.0172239 25
64 0.0171929 25
64 0.0172012 25
64 0.016694 26
64 0.01634 26
64 0.0163619 26
64 0.0172228 26
64 0.0163704 26
64 0.0169063 27
64 0.0167355 27
64 0.0172122 27
64 0.0174292 27
64 0.0170454 27
64 0.0178831 28
64 0.0176543 28
64 0.0178906 28
64 0.0187988 28
64 0.0174015 28
64 0.0176587 29
64 0.0180017 29
64 0.0176244 29
64 0.0173386 29
64 0.0175557 29
64 0.0172317 30
64 0.0174495 30
64 0.0171007 30
64 0.0174663 30
64 0.0172086 30
64 0.0171037 31
64 0.0170386 31
64 0.0171867 31
64 0.0170866 31
64 0.0176116 31
64 0.0169877 32
64 0.0172327 32
64 0.0172218 32
64 0.0173575 32
64 0.0175118 32
128 0.461816 1
128 0.459369 1
128 0.45462 1
128 0.466463 1
128 0.45545 1
128 0.294538 2
128 0.289639 2
128 0.290392 2
128 0.290924 2
128 0.291451 2
128 0.202767 3
128 0.201662 3
128 0.312963 3
128 0.321258 3
128 0.314278 3
128 0.245968 4
128 0.243465 4
128 0.244287 4
128 0.242455 4
128 0.230276 4
128 0.208953 5
128 0.207205 5
128 0.20759 5
128 0.207021 5
128 0.201666 5
128 0.168117 6
128 0.168533 6
128 0.168487 6
128 0.168974 6
128 0.168357 6
128 0.16038 7
128 0.156535 7
128 0.157387 7
128 0.157419 7
128 0.154759 7
128 0.164776 8
128 0.164227 8
128 0.163416 8
128 0.163347 8
128 0.164573 8
128 0.153289 9
128 0.148819 9
128 0.153139 9
128 0.152535 9
128 0.149752 9
128 0.154126 10
128 0.156429 10
128 0.153648 10
128 0.153356 10
128 0.15416 10
128 0.144925 11
128 0.14189 11
128 0.143078 11
128 0.143846 11
128 0.14 11
128 0.148939 12
128 0.157152 12
128 0.1502 12
128 0.151945 12
128 0.150924 12
128 0.148754 13
128 0.149644 13
128 0.147942 13
128 0.147601 13
128 0.150094 13
128 0.138098 14
128 0.137207 14
128 0.138047 14
128 0.138315 14
128 0.137924 14
128 0.130786 15
128 0.129746 15
128 0.129015 15
128 0.130155 15
128 0.129245 15
128 0.137717 16
128 0.13774 16
128 0.137339 16
128 0.13826 16
128 0.136193 16
128 0.149022 17
128 0.14656 17
128 0.143577 17
128 0.143229 17
128 0.144679 17
128 0.127307 18
128 0.1463 18
128 0.132194 18
128 0.133239 18
128 0.135373 18
128 0.137251 19
128 0.135457 19
128 0.136126 19
128 0.133676 19
128 0.134616 19
128 0.133014 20
128 0.134526 20
128 0.133894 20
128 0.133023 20
128 0.131319 20
128 0.136828 21
128 0.138974 21
128 0.136771 21
128 0.140031 21
128 0.136754 21
128 0.140087 22
128 0.140646 22
128 0.139346 22
128 0.14083 22
128 0.137016 22
128 0.137634 23
128 0.139001 23
128 0.139303 23
128 0.137385 23
128 0.137964 23
128 0.133329 24
128 0.131327 24
128 0.130509 24
128 0.130245 24
128 0.132815 24
128 0.129002 25
128 0.131212 25
128 0.128976 25
128 0.130969 25
128 0.129845 25
128 0.124591 26
128 0.124062 26
128 0.124216 26
128 0.124559 26
128 0.123007 26
128 0.134654 27
128 0.129754 27
128 0.130136 27
128 0.129964 27
128 0.130081 27
128 0.130579 28
128 0.131096 28
128 0.132162 28
128 0.131236 28
128 0.133771 28
128 0.12835 29
128 0.128967 29
128 0.129082 29
128 0.129819 29
128 0.13026 29
128 0.130053 30
128 0.131828 30
128 0.130351 30
128 0.132788 30
128 0.132799 30
128 0.130437 31
128 0.129558 31
128 0.129254 31
128 0.129479 31
128 0.124614 31
128 0.130227 32
128 0.144487 32
128 0.137463 32
128 0.138159 32
128 0.13684 32
256 3.67754 1
256 3.67002 1
256 3.70055 1
256 3.67667 1
256 3.73365 1
256 2.30223 2
256 2.33866 2
256 2.30777 2
256 2.30536 2
256 2.30502 2
256 1.67533 3
256 1.61811 3
256 2.10959 3
256 1.61026 3
256 1.6016 3
256 1.42743 4
256 1.70632 4
256 2.00512 4
256 1.99692 4
256 2.03138 4
256 1.64894 5
256 1.72903 5
256 1.61023 5
256 1.56438 5
256 1.56877 5
256 1.37357 6
256 1.28097 6
256 1.27701 6
256 1.28051 6
256 1.28113 6
256 1.27724 7
256 1.2134 7
256 1.18676 7
256 1.18396 7
256 1.35808 7
256 1.32824 8
256 1.29074 8
256 1.29583 8
256 1.29381 8
256 1.2899 8
256 1.14719 9
256 1.13747 9
256 1.13098 9
256 1.12756 9
256 1.15041 9
256 1.14232 10
256 1.16062 10
256 1.12752 10
256 1.13831 10
256 1.14198 10
256 1.23457 11
256 1.21128 11
256 1.21721 11
256 1.19761 11
256 1.20444 11
256 1.20773 12
256 1.2111 12
256 1.1978 12
256 1.19438 12
256 1.19489 12
256 1.1186 13
256 1.13613 13
256 1.13782 13
256 1.1227 13
256 1.13463 13
256 1.06541 14
256 1.05996 14
256 1.0595 14
256 1.05651 14
256 1.05308 14
256 1.13168 15
256 1.12345 15
256 1.12857 15
256 1.11348 15
256 1.13221 15
256 1.03662 16
256 1.03885 16
256 1.03224 16
256 1.04183 16
256 1.03202 16
256 1.12144 17
256 1.1173 17
256 1.11115 17
256 1.11598 17
256 1.11594 17
256 1.0082 18
256 1.0118 18
256 1.00148 18
256 0.994219 18
256 1.00771 18
256 1.10457 19
256 1.09203 19
256 1.11074 19
256 1.08901 19
256 1.09563 19
256 1.05774 20
256 1.05783 20
256 1.06009 20
256 1.06088 20
256 1.05976 20
256 1.17411 21
256 1.05357 21
256 1.06506 21
256 1.06205 21
256 1.07161 21
256 1.08798 22
256 1.11563 22
256 1.09087 22
256 1.09772 22
256 1.09564 22
256 1.06378 23
256 1.04363 23
256 1.20314 23
256 1.04526 23
256 1.05598 23
256 1.04706 24
256 1.04068 24
256 1.03502 24
256 1.04178 24
256 1.03336 24
256 1.04705 25
256 1.04489 25
256 1.04426 25
256 1.0444 25
256 1.04529 25
256 0.997797 26
256 1.01664 26
256 0.991691 26
256 1.00152 26
256 0.996063 26
256 1.03648 27
256 1.04048 27
256 1.04148 27
256 1.1608 27
256 1.06166 27
256 1.08927 28
256 1.063 28
256 1.05875 28
256 1.06385 28
256 1.06428 28
256 1.04827 29
256 1.0554 29
256 1.05497 29
256 1.06712 29
256 1.04288 29
256 1.0534 30
256 1.05571 30
256 1.04555 30
256 1.05552 30
256 1.04019 30
256 1.04576 31
256 1.03378 31
256 1.06195 31
256 1.03465 31
256 1.03618 31
256 1.09181 32
256 1.08996 32
256 1.09291 32
256 1.08333 32
256 1.08988 32
512 29.4357 1
512 29.5361 1
512 29.3619 1
512 29.3661 1
512 29.3318 1
512 18.611 2
512 18.3293 2
512 18.3644 2
512 18.4411 2
512 18.3756 2
512 15.877 3
512 20.9633 3
512 20.9678 3
512 20.8782 3
512 20.1115 3
512 15.7001 4
512 15.7427 4
512 15.4565 4
512 15.4085 4
512 14.1294 4
512 12.6519 5
512 12.5392 5
512 12.5822 5
512 12.1527 5
512 11.8641 5
512 10.6329 6
512 10.5137 6
512 10.6081 6
512 11.0426 6
512 10.6582 6
512 11.6885 7
512 12.1031 7
512 11.8489 7
512 11.7222 7
512 12.1417 7
512 9.95837 8
512 9.69471 8
512 9.69356 8
512 9.6275 8
512 10.6067 8
512 11.0036 9
512 11.1607 9
512 10.85 9
512 10.7265 9
512 10.4566 9
512 8.9343 10
512 9.01628 10
512 10.2285 10
512 9.42494 10
512 9.79163 10
512 9.36921 11
512 9.08272 11
512 9.14508 11
512 9.66738 11
512 9.04214 11
512 8.80587 12
512 9.79481 12
512 9.21552 12
512 9.11155 12
512 9.71681 12
512 8.82304 13
512 8.56166 13
512 8.54335 13
512 8.82594 13
512 9.10071 13
512 9.32189 14
512 9.04618 14
512 9.28979 14
512 9.21449 14
512 9.25516 14
512 8.92498 15
512 8.87972 15
512 8.85251 15
512 8.86089 15
512 8.86567 15
512 9.40601 16
512 8.96268 16
512 8.88459 16
512 9.21496 16
512 8.78821 16
512 8.81227 17
512 8.68838 17
512 8.76706 17
512 8.85723 17
512 8.85526 17
512 8.90309 18
512 8.88827 18
512 8.97637 18
512 8.63523 18
512 8.66571 18
512 8.96989 19
512 8.5156 19
512 8.83385 19
512 8.59474 19
512 8.70867 19
512 8.44876 20
512 8.62986 20
512 8.36767 20
512 8.3245 20
512 8.53137 20
512 8.54869 21
512 8.69346 21
512 8.44899 21
512 8.5252 21
512 8.55873 21
512 8.43014 22
512 8.28834 22
512 8.49423 22
512 8.55033 22
512 8.45197 22
512 9.15341 23
512 9.18476 23
512 8.77303 23
512 9.20998 23
512 9.19033 23
512 8.55684 24
512 8.26079 24
512 8.30478 24
512 8.35431 24
512 8.45756 24
512 8.22419 25
512 8.34668 25
512 8.3115 25
512 9.19687 25
512 8.20264 25
512 8.18538 26
512 8.11121 26
512 8.096 26
512 9.16208 26
512 8.20948 26
512 8.68173 27
512 8.21847 27
512 8.31702 27
512 8.80977 27
512 8.26218 27
512 8.71058 28
512 8.71533 28
512 8.3713 28
512 8.58331 28
512 8.4034 28
512 8.82059 29
512 8.7557 29
512 8.50874 29
512 8.47583 29
512 8.90894 29
512 8.32677 30
512 8.30967 30
512 8.30387 30
512 8.32257 30
512 8.57145 30
512 8.154 31
512 8.19871 31
512 8.87459 31
512 8.31107 31
512 8.15282 31
512 8.88913 32
512 8.42788 32
512 8.3246 32
512 9.1531 32
512 8.35904 32
