4 0.0018621 17 3840 0.00206219
4 0.000249293 17 3840 0.0154036
4 9.43448e-05 17 3840 0.0407017
4 8.5881e-05 17 3840 0.044713
4 8.15056e-05 17 3840 0.0471133
4 0.000241861 18 3840 0.0158769
4 7.43605e-05 18 3840 0.0516403
4 6.12531e-05 18 3840 0.0626907
4 6.41812e-05 18 3840 0.0598306
4 6.66734e-05 18 3840 0.0575942
4 0.000190618 19 3840 0.0201451
4 6.68112e-05 19 3840 0.0574754
4 6.81505e-05 19 3840 0.0563459
4 7.02143e-05 19 3840 0.0546897
4 6.6407e-05 19 3840 0.0578252
4 0.000197595 20 3840 0.0194337
4 7.43512e-05 20 3840 0.0516468
4 7.22334e-05 20 3840 0.053161
4 6.91172e-05 20 3840 0.0555578
4 6.58818e-05 20 3840 0.0582862
4 0.000185186 21 3840 0.0207359
4 7.34627e-05 21 3840 0.0522714
4 6.85416e-05 21 3840 0.0560244
4 9.10703e-05 21 3840 0.0421652
4 6.9838e-05 21 3840 0.0549844
4 0.000237208 22 3840 0.0161883
4 6.99889e-05 22 3840 0.0548658
4 7.37589e-05 22 3840 0.0520615
4 7.5249e-05 22 3840 0.0510306
4 8.48956e-05 22 3840 0.045232
4 0.000258705 23 3840 0.0148432
4 8.7237e-05 23 3840 0.044018
4 7.95946e-05 23 3840 0.0482445
4 8.00807e-05 23 3840 0.0479516
4 7.28518e-05 23 3840 0.0527098
4 0.000143196 24 3840 0.0268163
4 8.59462e-05 24 3840 0.0446791
4 9.70103e-05 24 3840 0.0395834
4 6.89924e-05 24 3840 0.0556583
4 8.22954e-05 24 3840 0.0466612
4 0.000140993 25 3840 0.0272354
4 8.37501e-05 25 3840 0.0458507
4 8.49105e-05 25 3840 0.0452241
4 9.76287e-05 25 3840 0.0393327
4 9.77907e-05 25 3840 0.0392675
4 0.000142535 26 3840 0.0269407
4 8.58717e-05 26 3840 0.0447179
4 8.71923e-05 26 3840 0.0440406
4 8.74419e-05 26 3840 0.0439149
4 8.19545e-05 26 3840 0.0468553
4 0.000192866 27 3840 0.0199102
4 7.58749e-05 27 3840 0.0506097
4 7.69235e-05 27 3840 0.0499197
4 7.59922e-05 27 3840 0.0505315
4 7.67242e-05 27 3840 0.0500494
4 0.000193954 28 3840 0.0197986
4 8.54488e-05 28 3840 0.0449392
4 7.96374e-05 28 3840 0.0482186
4 9.41306e-05 28 3840 0.0407944
4 8.50689e-05 28 3840 0.0451399
4 0.000198349 29 3840 0.0193598
4 0.000105018 29 3840 0.0365652
4 8.72537e-05 29 3840 0.0440096
4 9.86364e-05 29 3840 0.0389309
4 8.94126e-05 29 3840 0.042947
4 0.000207551 30 3840 0.0185015
4 0.0001004 30 3840 0.0382469
4 8.98298e-05 30 3840 0.0427475
4 8.47671e-05 30 3840 0.0453006
4 9.5997e-05 30 3840 0.0400012
4 0.000215456 31 3840 0.0178227
4 0.000123782 31 3840 0.0310223
4 8.83415e-05 31 3840 0.0434677
4 9.10033e-05 31 3840 0.0421963
4 0.000112109 31 3840 0.0342524
4 0.000233999 32 3840 0.0164104
4 9.31751e-05 32 3840 0.0412127
4 8.80882e-05 32 3840 0.0435927
4 0.000105908 32 3840 0.0362578
4 0.000115333 32 3840 0.0332949
8 0.000125421 17 28160 0.224523
8 0.000112196 17 28160 0.250988
8 0.000104811 17 28160 0.268674
8 0.000110153 17 28160 0.255644
8 0.000106512 17 28160 0.264384
8 0.000179088 18 28160 0.157241
8 0.000111684 18 28160 0.25214
8 0.000113908 18 28160 0.247217
8 0.000122318 18 28160 0.23022
8 0.000123484 18 28160 0.228046
8 0.00016086 19 28160 0.175059
8 0.000109818 19 28160 0.256425
8 9.10368e-05 19 28160 0.309326
8 0.000110788 19 28160 0.254179
8 9.40617e-05 19 28160 0.299378
8 0.000164973 20 28160 0.170695
8 0.000110045 20 28160 0.255895
8 0.000116425 20 28160 0.241873
8 0.000108458 20 28160 0.259639
8 0.000106907 20 28160 0.263408
8 0.000161722 21 28160 0.174126
8 0.000109784 21 28160 0.256503
8 0.000118172 21 28160 0.238297
8 9.85041e-05 21 28160 0.285876
8 0.000120461 21 28160 0.233769
8 0.000170847 22 28160 0.164825
8 0.000102611 22 28160 0.274434
8 0.000107687 22 28160 0.261499
8 0.000112727 22 28160 0.249806
8 0.000105999 22 28160 0.265662
8 0.000205362 23 28160 0.137124
8 0.000110008 23 28160 0.255982
8 0.000104604 23 28160 0.269205
8 0.000105049 23 28160 0.268064
8 0.000107588 23 28160 0.261739
8 0.000225067 24 28160 0.125118
8 9.9089e-05 24 28160 0.284189
8 0.000100255 24 28160 0.280884
8 0.000103442 24 28160 0.27223
8 0.000113176 24 28160 0.248816
8 0.000228081 25 28160 0.123465
8 0.00010596 25 28160 0.26576
8 0.000110336 25 28160 0.255221
8 0.0001033 25 28160 0.272603
8 0.000103412 25 28160 0.272308
8 0.000168424 26 28160 0.167197
8 0.000103023 26 28160 0.273337
8 0.000130715 26 28160 0.215431
8 0.000109134 26 28160 0.258031
8 9.65148e-05 26 28160 0.291769
8 0.000213742 27 28160 0.131747
8 0.000106733 27 28160 0.263835
8 0.000110349 27 28160 0.255191
8 0.000111375 27 28160 0.252839
8 0.000106568 27 28160 0.264246
8 0.000171298 28 28160 0.164392
8 0.000111146 28 28160 0.253361
8 0.000110041 28 28160 0.255904
8 0.000114761 28 28160 0.245379
8 0.000108698 28 28160 0.259065
8 0.000224549 29 28160 0.125407
8 0.000118565 29 28160 0.237507
8 0.000109943 29 28160 0.256134
8 0.000117311 29 28160 0.240045
8 0.000113184 29 28160 0.248799
8 0.000224462 30 28160 0.125456
8 0.000113128 30 28160 0.248922
8 0.000116535 30 28160 0.241645
8 0.000107611 30 28160 0.261684
8 0.000113374 30 28160 0.248382
8 0.000205087 31 28160 0.137308
8 0.000119034 31 28160 0.236571
8 0.000108631 31 28160 0.259225
8 0.000111053 31 28160 0.253573
8 0.000110531 31 28160 0.25477
8 0.000219543 32 28160 0.128267
8 0.000108358 32 28160 0.25988
8 0.00011267 32 28160 0.249934
8 0.000126407 32 28160 0.222773
8 0.000115594 32 28160 0.243611
16 0.00043295 17 210944 0.487225
16 0.000394484 17 210944 0.534734
16 0.000388741 17 210944 0.542633
16 0.000372196 17 210944 0.566756
16 0.000370663 17 210944 0.5691
16 0.000401238 18 210944 0.525733
16 0.000317775 18 210944 0.663816
16 0.000316689 18 210944 0.666092
16 0.000316707 18 210944 0.666053
16 0.000311216 18 210944 0.677805
16 0.000434659 19 210944 0.485309
16 0.000336116 19 210944 0.627593
16 0.000344234 19 210944 0.612793
16 0.000341367 19 210944 0.617939
16 0.000335088 19 210944 0.629518
16 0.00043175 20 210944 0.488579
16 0.000350948 20 210944 0.601068
16 0.000335256 20 210944 0.629203
16 0.00034493 20 210944 0.611556
16 0.000332253 20 210944 0.63489
16 0.000435684 21 210944 0.484168
16 0.000350958 21 210944 0.601052
16 0.000358965 21 210944 0.587645
16 0.000343798 21 210944 0.61357
16 0.000352781 21 210944 0.597946
16 0.000392918 22 210944 0.536866
16 0.000356533 22 210944 0.591654
16 0.000345843 22 210944 0.609942
16 0.000347912 22 210944 0.606314
16 0.000341499 22 210944 0.6177
16 0.000433322 23 210944 0.486807
16 0.000333279 23 210944 0.632934
16 0.0003515 23 210944 0.600126
16 0.000331607 23 210944 0.636127
16 0.000367677 23 210944 0.573721
16 0.00045801 24 210944 0.460567
16 0.000308035 24 210944 0.684805
16 0.00032223 24 210944 0.654638
16 0.000312416 24 210944 0.675203
16 0.000315374 24 210944 0.66887
16 0.0004289 25 210944 0.491825
16 0.00032193 25 210944 0.655247
16 0.000322333 25 210944 0.65443
16 0.000309663 25 210944 0.681205
16 0.000324942 25 210944 0.649174
16 0.000384571 26 210944 0.548518
16 0.000330191 26 210944 0.638854
16 0.00034159 26 210944 0.617535
16 0.000331318 26 210944 0.636681
16 0.000323597 26 210944 0.651872
16 0.000432597 27 210944 0.487622
16 0.000329498 27 210944 0.640198
16 0.000330258 27 210944 0.638725
16 0.00033004 27 210944 0.639146
16 0.000333866 27 210944 0.631822
16 0.000461994 28 210944 0.456595
16 0.000370845 28 210944 0.56882
16 0.000340013 28 210944 0.6204
16 0.000340769 28 210944 0.619023
16 0.00034357 28 210944 0.613976
16 0.000466617 29 210944 0.452071
16 0.000352576 29 210944 0.598293
16 0.000370687 29 210944 0.569063
16 0.000353625 29 210944 0.596519
16 0.000350595 29 210944 0.601675
16 0.000461513 30 210944 0.45707
16 0.000356449 30 210944 0.591793
16 0.000331039 30 210944 0.637219
16 0.000350455 30 210944 0.601915
16 0.000350608 30 210944 0.601653
16 0.000450933 31 210944 0.467794
16 0.000325277 31 210944 0.648505
16 0.000354951 31 210944 0.59429
16 0.000343166 31 210944 0.614699
16 0.000336297 31 210944 0.627255
16 0.000494007 32 210944 0.427006
16 0.000349792 32 210944 0.603056
16 0.000367101 32 210944 0.574621
16 0.000350235 32 210944 0.602293
16 0.00035625 32 210944 0.592124
32 0.00249813 17 1630464 0.652673
32 0.0028419 17 1630464 0.573724
32 0.00238701 17 1630464 0.683057
32 0.00228142 17 1630464 0.714671
32 0.00254322 17 1630464 0.641102
32 0.00290198 18 1630464 0.561846
32 0.00263617 18 1630464 0.618498
32 0.00299138 18 1630464 0.545054
32 0.00243219 18 1630464 0.670369
32 0.00245092 18 1630464 0.665245
32 0.00292224 19 1630464 0.55795
32 0.00271975 19 1630464 0.599491
32 0.00224532 19 1630464 0.726162
32 0.00264945 19 1630464 0.615398
32 0.00256632 19 1630464 0.635331
32 0.00272777 20 1630464 0.597729
32 0.00277188 20 1630464 0.588215
32 0.00292605 20 1630464 0.557223
32 0.00262569 20 1630464 0.620966
32 0.00267298 20 1630464 0.60998
32 0.00268925 21 1630464 0.60629
32 0.00263084 21 1630464 0.61975
32 0.00263331 21 1630464 0.61917
32 0.00260747 21 1630464 0.625304
32 0.00269355 21 1630464 0.605321
32 0.00278637 22 1630464 0.585158
32 0.00262117 22 1630464 0.622038
32 0.0025445 22 1630464 0.640779
32 0.0026321 22 1630464 0.619454
32 0.00271034 22 1630464 0.601571
32 0.00263611 23 1630464 0.618512
32 0.00271138 23 1630464 0.601341
32 0.00253281 23 1630464 0.643737
32 0.00265743 23 1630464 0.613549
32 0.00282868 23 1630464 0.576405
32 0.00274753 24 1630464 0.593429
32 0.00276354 24 1630464 0.589991
32 0.00249878 24 1630464 0.652503
32 0.00258736 24 1630464 0.630165
32 0.00260328 24 1630464 0.626312
32 0.00268303 25 1630464 0.607696
32 0.00276392 25 1630464 0.58991
32 0.00254186 25 1630464 0.641445
32 0.00241852 25 1630464 0.674158
32 0.00240702 25 1630464 0.677379
32 0.00238126 26 1630464 0.684708
32 0.00260841 26 1630464 0.62508
32 0.00265279 26 1630464 0.614622
32 0.00231599 26 1630464 0.704003
32 0.00297719 26 1630464 0.547652
32 0.00306303 27 1630464 0.532305
32 0.00264068 27 1630464 0.61744
32 0.00273522 27 1630464 0.596099
32 0.00267811 27 1630464 0.608812
32 0.00235779 27 1630464 0.691522
32 0.00315321 28 1630464 0.517081
32 0.00247173 28 1630464 0.659646
32 0.00294873 28 1630464 0.552937
32 0.00267256 28 1630464 0.610075
32 0.00290217 28 1630464 0.56181
32 0.00259163 29 1630464 0.629127
32 0.00282216 29 1630464 0.577737
32 0.00288799 29 1630464 0.564567
32 0.00281183 29 1630464 0.579859
32 0.00314173 29 1630464 0.51897
32 0.00239711 30 1630464 0.680179
32 0.00241303 30 1630464 0.675691
32 0.00261436 30 1630464 0.623656
32 0.00261845 30 1630464 0.622684
32 0.00236695 30 1630464 0.688845
32 0.00284113 31 1630464 0.573879
32 0.00253773 31 1630464 0.642488
32 0.00239459 31 1630464 0.680894
32 0.00236545 31 1630464 0.689282
32 0.00243353 31 1630464 0.670001
32 0.00238834 32 1630464 0.682676
32 0.00229497 32 1630464 0.710451
32 0.0023388 32 1630464 0.697136
32 0.00226335 32 1630464 0.720375
32 0.00246592 32 1630464 0.661199
64 0.0181068 17 12814592 0.707722
64 0.0180873 17 12814592 0.708485
64 0.0167032 17 12814592 0.767194
64 0.0173338 17 12814592 0.739284
64 0.0170694 17 12814592 0.750733
64 0.0178674 18 12814592 0.717206
64 0.0175017 18 12814592 0.732192
64 0.0176947 18 12814592 0.724205
64 0.0182094 18 12814592 0.703733
64 0.0185199 18 12814592 0.691938
64 0.0168285 19 12814592 0.761482
64 0.0169537 19 12814592 0.75586
64 0.0168411 19 12814592 0.760913
64 0.0168802 19 12814592 0.75915
64 0.0171089 19 12814592 0.749001
64 0.0178015 20 12814592 0.719859
64 0.0170364 20 12814592 0.75219
64 0.017512 20 12814592 0.731759
64 0.0181786 20 12814592 0.704926
64 0.0179554 20 12814592 0.713689
64 0.0178542 21 12814592 0.717734
64 0.0184583 21 12814592 0.694246
64 0.0178652 21 12814592 0.717293
64 0.0185327 21 12814592 0.691458
64 0.0181474 21 12814592 0.706141
64 0.0179526 22 12814592 0.7138
64 0.0183775 22 12814592 0.697297
64 0.0184512 22 12814592 0.694512
64 0.0182645 22 12814592 0.701612
64 0.0189836 22 12814592 0.675035
64 0.0183548 23 12814592 0.698161
64 0.0184486 23 12814592 0.694611
64 0.0180362 23 12814592 0.710491
64 0.0174408 23 12814592 0.734747
64 0.0177891 23 12814592 0.720363
64 0.0171183 24 12814592 0.74859
64 0.0173909 24 12814592 0.736857
64 0.0164272 24 12814592 0.780085
64 0.0169865 24 12814592 0.754398
64 0.0169293 24 12814592 0.756945
64 0.0167324 25 12814592 0.765854
64 0.0165062 25 12814592 0.776348
64 0.0163589 25 12814592 0.783341
64 0.0169032 25 12814592 0.758114
64 0.016564 25 12814592 0.773639
64 0.0166295 26 12814592 0.770593
64 0.0167062 26 12814592 0.767054
64 0.0174389 26 12814592 0.734828
64 0.0172447 26 12814592 0.743101
64 0.0170403 26 12814592 0.752018
64 0.0165455 27 12814592 0.774506
64 0.0164904 27 12814592 0.777094
64 0.0169768 27 12814592 0.75483
64 0.0169983 27 12814592 0.753876
64 0.0167786 27 12814592 0.763748
64 0.0178887 28 12814592 0.716351
64 0.0176433 28 12814592 0.726316
64 0.0176042 28 12814592 0.727926
64 0.0176101 28 12814592 0.727686
64 0.0174823 28 12814592 0.733002
64 0.0181739 29 12814592 0.705111
64 0.0178417 29 12814592 0.718237
64 0.0180904 29 12814592 0.708363
64 0.0182081 29 12814592 0.703787
64 0.0180366 29 12814592 0.710478
64 0.016901 30 12814592 0.758214
64 0.0164236 30 12814592 0.780255
64 0.0165888 30 12814592 0.772485
64 0.0164481 30 12814592 0.779094
64 0.0167707 30 12814592 0.764107
64 0.0161688 31 12814592 0.79255
64 0.016087 31 12814592 0.796581
64 0.0165666 31 12814592 0.773518
64 0.015975 31 12814592 0.802166
64 0.0165935 31 12814592 0.772265
64 0.0158535 32 12814592 0.808316
64 0.0161557 32 12814592 0.793194
64 0.0157698 32 12814592 0.812602
64 0.0157458 32 12814592 0.81384
64 0.0158823 32 12814592 0.806845
128 0.131948 17 101588224 0.769913
128 0.132298 17 101588224 0.767877
128 0.128758 17 101588224 0.788986
128 0.128195 17 101588224 0.792453
128 0.13766 17 101588224 0.737966
128 0.137275 18 101588224 0.740033
128 0.137529 18 101588224 0.738669
128 0.134991 18 101588224 0.752558
128 0.133285 18 101588224 0.762187
128 0.135691 18 101588224 0.748672
128 0.128369 19 101588224 0.791374
128 0.128969 19 101588224 0.787693
128 0.127184 19 101588224 0.798751
128 0.12812 19 101588224 0.792916
128 0.125923 19 101588224 0.806751
128 0.133447 20 101588224 0.761264
128 0.134389 20 101588224 0.755928
128 0.132636 20 101588224 0.765918
128 0.13177 20 101588224 0.770952
128 0.131009 20 101588224 0.775431
128 0.136341 21 101588224 0.745104
128 0.137555 21 101588224 0.73853
128 0.135951 21 101588224 0.74724
128 0.134698 21 101588224 0.754192
128 0.13642 21 101588224 0.744671
128 0.138302 22 101588224 0.734538
128 0.136669 22 101588224 0.743314
128 0.137661 22 101588224 0.737959
128 0.136252 22 101588224 0.745591
128 0.135454 22 101588224 0.749985
128 0.132022 23 101588224 0.769482
128 0.132055 23 101588224 0.769287
128 0.130999 23 101588224 0.775489
128 0.131574 23 101588224 0.772102
128 0.131363 23 101588224 0.773341
128 0.143606 24 101588224 0.707411
128 0.134272 24 101588224 0.756586
128 0.12688 24 101588224 0.800667
128 0.128002 24 101588224 0.793645
128 0.126661 24 101588224 0.802049
128 0.125094 25 101588224 0.812095
128 0.128971 25 101588224 0.787685
128 0.127059 25 101588224 0.799534
128 0.12824 25 101588224 0.792172
128 0.12621 25 101588224 0.804913
128 0.127156 26 101588224 0.798929
128 0.12431 26 101588224 0.817214
128 0.124694 26 101588224 0.814699
128 0.124807 26 101588224 0.813963
128 0.126618 26 101588224 0.802322
128 0.124222 27 101588224 0.817799
128 0.124404 27 101588224 0.8166
128 0.125209 27 101588224 0.81135
128 0.124678 27 101588224 0.814806
128 0.126273 27 101588224 0.804516
128 0.131115 28 101588224 0.7748
128 0.130973 28 101588224 0.775645
128 0.131613 28 101588224 0.77187
128 0.131678 28 101588224 0.771492
128 0.131673 28 101588224 0.771522
128 0.137017 29 101588224 0.74143
128 0.137033 29 101588224 0.741343
128 0.136079 29 101588224 0.746541
128 0.13488 29 101588224 0.753176
128 0.134774 29 101588224 0.753766
128 0.130938 30 101588224 0.775849
128 0.131687 30 101588224 0.771437
128 0.129709 30 101588224 0.783203
128 0.129396 30 101588224 0.785093
128 0.12882 30 101588224 0.788607
128 0.129382 31 101588224 0.785182
128 0.127185 31 101588224 0.798746
128 0.12782 31 101588224 0.794777
128 0.126236 31 101588224 0.80475
128 0.126839 31 101588224 0.800921
128 0.132243 32 101588224 0.768195
128 0.131015 32 101588224 0.775395
128 0.132198 32 101588224 0.768453
128 0.131393 32 101588224 0.773162
128 0.132393 32 101588224 0.767325
256 1.01619 17 809004800 0.796118
256 1.02555 17 809004800 0.788846
256 1.02761 17 809004800 0.787265
256 1.0532 17 809004800 0.768139
256 1.06557 17 809004800 0.759225
256 1.09125 18 809004800 0.741356
256 1.10485 18 809004800 0.732233
256 1.07627 18 809004800 0.751677
256 1.07743 18 809004800 0.750868
256 1.07468 18 809004800 0.752786
256 1.0293 19 809004800 0.785974
256 1.02131 19 809004800 0.792127
256 1.02136 19 809004800 0.792086
256 1.02235 19 809004800 0.79132
256 1.02868 19 809004800 0.78645
256 1.05685 20 809004800 0.76549
256 1.07347 20 809004800 0.753632
256 1.05744 20 809004800 0.765061
256 1.06261 20 809004800 0.761335
256 1.05482 20 809004800 0.76696
256 1.034 21 809004800 0.782404
256 1.03441 21 809004800 0.782091
256 1.03575 21 809004800 0.781081
256 1.03746 21 809004800 0.779794
256 1.06098 21 809004800 0.76251
256 1.08407 22 809004800 0.746267
256 1.07739 22 809004800 0.750894
256 1.04936 22 809004800 0.770951
256 1.07109 22 809004800 0.75531
256 1.05717 22 809004800 0.765258
256 1.08298 23 809004800 0.74702
256 1.0629 23 809004800 0.761133
256 1.07481 23 809004800 0.752695
256 1.06227 23 809004800 0.76158
256 1.05994 23 809004800 0.763256
256 1.01741 24 809004800 0.795163
256 1.01457 24 809004800 0.79739
256 1.00686 24 809004800 0.803491
256 1.00416 24 809004800 0.805652
256 1.01463 24 809004800 0.797343
256 1.04439 25 809004800 0.774622
256 1.05177 25 809004800 0.769187
256 1.04597 25 809004800 0.773446
256 1.04668 25 809004800 0.772923
256 1.04282 25 809004800 0.775784
256 1.01292 26 809004800 0.798685
256 1.01616 26 809004800 0.796136
256 1.01652 26 809004800 0.795857
256 1.00416 26 809004800 0.805654
256 1.01223 26 809004800 0.799229
256 1.03082 27 809004800 0.784814
256 1.02215 27 809004800 0.791472
256 1.02573 27 809004800 0.788714
256 1.02876 27 809004800 0.78639
256 1.02766 27 809004800 0.787234
256 1.07109 28 809004800 0.755311
256 1.0582 28 809004800 0.764508
256 1.05467 28 809004800 0.767071
256 1.03893 28 809004800 0.778694
256 1.04035 28 809004800 0.777629
256 1.10088 29 809004800 0.734868
256 1.11114 29 809004800 0.728087
256 1.08844 29 809004800 0.743268
256 1.09478 29 809004800 0.738963
256 1.1228 29 809004800 0.720524
256 1.07198 30 809004800 0.75468
256 1.0701 30 809004800 0.756012
256 1.08397 30 809004800 0.746332
256 1.0659 30 809004800 0.758991
256 1.0665 30 809004800 0.758563
256 1.02346 31 809004800 0.79046
256 1.00705 31 809004800 0.803342
256 1.00955 31 809004800 0.801352
256 1.01064 31 809004800 0.800489
256 1.00845 31 809004800 0.802227
256 1.02527 32 809004800 0.789065
256 1.0214 32 809004800 0.792052
256 1.01048 32 809004800 0.800615
256 1.00663 32 809004800 0.803676
256 1.02216 32 809004800 0.79147
512 8.67517 17 6457246464 0.744336
512 8.92953 17 6457246464 0.723134
512 8.7707 17 6457246464 0.736229
512 9.36165 17 6457246464 0.689755
512 8.68518 17 6457246464 0.743478
512 9.01177 18 6457246464 0.716535
512 8.77453 18 6457246464 0.735908
512 9.09608 18 6457246464 0.709894
512 9.04583 18 6457246464 0.713837
512 8.81039 18 6457246464 0.732913
512 9.21527 19 6457246464 0.700711
512 8.58257 19 6457246464 0.752367
512 8.34823 19 6457246464 0.773487
512 8.35831 19 6457246464 0.772554
512 8.39869 19 6457246464 0.76884
512 8.45628 20 6457246464 0.763603
512 8.51384 20 6457246464 0.758441
512 8.52392 20 6457246464 0.757544
512 8.56068 20 6457246464 0.754291
512 8.88506 20 6457246464 0.726754
512 8.65325 21 6457246464 0.746222
512 8.51888 21 6457246464 0.757992
512 8.91535 21 6457246464 0.724284
512 8.70392 21 6457246464 0.741878
512 8.28104 21 6457246464 0.779763
512 8.85366 22 6457246464 0.72933
512 9.34225 22 6457246464 0.691187
512 8.75877 22 6457246464 0.737232
512 8.87739 22 6457246464 0.727381
512 8.78768 22 6457246464 0.734807
512 8.62925 23 6457246464 0.748297
512 8.92808 23 6457246464 0.723251
512 8.44406 23 6457246464 0.764709
512 8.58078 23 6457246464 0.752525
512 8.36826 23 6457246464 0.771636
512 8.58033 24 6457246464 0.752564
512 8.31736 24 6457246464 0.776357
512 8.05516 24 6457246464 0.801629
512 8.20436 24 6457246464 0.787051
512 8.1749 24 6457246464 0.789887
512 8.42182 25 6457246464 0.766728
512 8.54488 25 6457246464 0.755686
512 8.32812 25 6457246464 0.775355
512 8.68435 25 6457246464 0.743549
512 8.17747 25 6457246464 0.789639
512 8.96848 26 6457246464 0.719994
512 8.18758 26 6457246464 0.788664
512 8.23116 26 6457246464 0.784488
512 8.61244 26 6457246464 0.749758
512 8.25295 26 6457246464 0.782417
512 9.15847 27 6457246464 0.705057
512 8.26975 27 6457246464 0.780828
512 9.40756 27 6457246464 0.686389
512 8.20344 27 6457246464 0.787138
512 8.15868 27 6457246464 0.791457
512 8.69526 28 6457246464 0.742617
512 8.40683 28 6457246464 0.768096
512 8.5845 28 6457246464 0.752199
512 8.52043 28 6457246464 0.757855
512 8.55606 28 6457246464 0.754699
512 8.40398 29 6457246464 0.768356
512 8.73562 29 6457246464 0.739186
512 8.35951 29 6457246464 0.772444
512 8.4506 29 6457246464 0.764117
512 8.37661 29 6457246464 0.770866
512 8.42449 30 6457246464 0.766486
512 8.37815 30 6457246464 0.770725
512 8.53309 30 6457246464 0.75673
512 8.27226 30 6457246464 0.78059
512 8.20893 30 6457246464 0.786612
512 8.14153 31 6457246464 0.793124
512 8.09866 31 6457246464 0.797323
512 8.12153 31 6457246464 0.795078
512 8.1708 31 6457246464 0.790284
512 8.39696 31 6457246464 0.768998
512 8.5586 32 6457246464 0.754475
512 8.5284 32 6457246464 0.757146
512 8.48401 32 6457246464 0.761108
512 8.47804 32 6457246464 0.761644
512 8.87424 32 6457246464 0.727639
